Edge	2	93	171	1	0	1	0	-1
	Sequence	+edge_2_0_+disjointig_1_4506_6422 1916 1 294504 4506 6422
	Sequence	+edge_2_1_+disjointig_1_219294_221210 1916 1 294504 219294 221210
	Sequence	+edge_2_2_+disjointig_2_584623_586539 1916 3 5390027 584623 586539
	Sequence	+edge_2_3_+disjointig_2_970111_972025 1914 3 5390027 970111 972025
	Sequence	+edge_2_4_-disjointig_2_1202384_1204299 1915 -3 5390027 1202384 1204299
	Sequence	+edge_2_5_-disjointig_6_109943_111836 1893 -7 134824 109943 111836
	Sequence	+edge_2_6_-disjointig_6_68765_70658 1893 -7 134824 68765 70658
	Sequence	+edge_2_7_-disjointig_6_27611_29504 1893 -7 134824 27611 29504
Edge	3	157	108	1	0	1	0	-1
	Sequence	-edge_2_0_+disjointig_1_4506_6422 1916 -1 294504 288081 289997
	Sequence	-edge_2_1_+disjointig_1_219294_221210 1916 -1 294504 73293 75209
	Sequence	-edge_2_2_+disjointig_2_584623_586539 1916 -3 5390027 4803487 4805403
	Sequence	-edge_2_3_+disjointig_2_970111_972025 1914 -3 5390027 4418001 4419915
	Sequence	-edge_2_4_-disjointig_2_1202384_1204299 1915 3 5390027 4185727 4187642
	Sequence	-edge_2_5_-disjointig_6_109943_111836 1893 7 134824 22987 24880
	Sequence	-edge_2_6_-disjointig_6_68765_70658 1893 7 134824 64165 66058
	Sequence	-edge_2_7_-disjointig_6_27611_29504 1893 7 134824 105319 107212
Edge	4	137	163	1	0	1	0	2
	Sequence	+edge_3_0_+disjointig_6_24880_27062 2182 7 134824 24880 27062
	Sequence	+edge_3_1_+disjointig_6_107212_109394 2182 7 134824 107212 109394
Edge	5	131	124	1	0	1	0	3
	Sequence	-edge_3_0_+disjointig_6_24880_27062 2182 -7 134824 107761 109943
	Sequence	-edge_3_1_+disjointig_6_107212_109394 2182 -7 134824 25429 27611
Edge	6	137	163	1	0	1	0	2
	Sequence	+edge_4_0_+disjointig_6_66058_68240 2182 7 134824 66058 68240
Edge	7	131	124	1	0	1	0	3
	Sequence	-edge_4_0_+disjointig_6_66058_68240 2182 -7 134824 66583 68765
Edge	8	7	261	0	0	0	83	-1
	Sequence	+edge_5_0_-disjointig_2_4805403_4829155 23752 -3 5390027 4805403 4829155
Edge	9	284	6	0	0	0	83	-1
	Sequence	-edge_5_0_-disjointig_2_4805403_4829155 23752 3 5390027 560871 584623
Edge	10	288	147	0	0	0	79	-1
	Sequence	+edge_6_0_-disjointig_2_4419915_4461177 41262 -3 5390027 4419915 4461177
Edge	11	241	302	0	0	0	79	-1
	Sequence	-edge_6_0_-disjointig_2_4419915_4461177 41262 3 5390027 928849 970111
Edge	12	315	187	0	0	0	69	-1
	Sequence	+edge_7_0_+disjointig_2_4187642_4420310 232668 3 5390027 4187642 4420310
Edge	13	186	296	0	0	0	69	-1
	Sequence	-edge_7_0_+disjointig_2_4187642_4420310 232668 -3 5390027 969716 1202384
Edge	16	154	317	0	0	0	119	-1
	Sequence	+edge_9_0_+disjointig_1_6422_18876 12454 1 294504 6422 18876
	Sequence	+edge_9_1_+disjointig_1_221210_233665 12455 1 294504 221210 233665
Edge	17	20	159	0	0	0	119	-1
	Sequence	-edge_9_0_+disjointig_1_6422_18876 12454 -1 294504 275627 288081
	Sequence	-edge_9_1_+disjointig_1_221210_233665 12455 -1 294504 60838 73293
Edge	18	171	185	1	0	1	966	-1
	Sequence	+edge_10_0_+disjointig_2_39486_40074 588 3 5390027 39486 40074
	Sequence	+edge_10_1_+disjointig_2_972025_972615 590 3 5390027 972025 972615
	Sequence	+edge_10_2_+disjointig_2_5345508_5346096 588 3 5390027 5345508 5346096
	Sequence	+edge_10_3_+disjointig_2_5387293_5387881 588 3 5390027 5387293 5387881
Edge	19	191	157	1	0	1	966	-1
	Sequence	-edge_10_0_+disjointig_2_39486_40074 588 -3 5390027 5349952 5350540
	Sequence	-edge_10_1_+disjointig_2_972025_972615 590 -3 5390027 4417411 4418001
	Sequence	-edge_10_2_+disjointig_2_5345508_5346096 588 -3 5390027 43930 44518
	Sequence	-edge_10_3_+disjointig_2_5387293_5387881 588 -3 5390027 2145 2733
Edge	20	5	233	0	0	0	70	-1
	Sequence	+edge_11_0_+disjointig_2_586539_914752 328213 3 5390027 586539 914752
Edge	21	237	8	0	0	0	70	-1
	Sequence	-edge_11_0_+disjointig_2_586539_914752 328213 -3 5390027 4475274 4803487
Edge	22	297	112	0	0	0	65	-1
	Sequence	+edge_12_0_-disjointig_2_1204299_1207306 3007 -3 5390027 1204299 1207306
Edge	23	298	256	0	0	0	65	-1
	Sequence	-edge_12_0_-disjointig_2_1204299_1207306 3007 3 5390027 4182720 4185727
Edge	24	50	134	0	0	1	0	-1
	Sequence	+edge_13_0_-disjointig_6_111836_119329 7493 -7 134824 111836 119329
	Sequence	+edge_13_1_-disjointig_6_29504_36997 7493 -7 134824 29504 36997
Edge	25	94	168	0	0	1	0	-1
	Sequence	-edge_13_0_-disjointig_6_111836_119329 7493 7 134824 15494 22987
	Sequence	-edge_13_1_-disjointig_6_29504_36997 7493 7 134824 97826 105319
Edge	26	171	134	1	0	0	6	-1
	Sequence	+edge_14_0_-disjointig_6_70658_78153 7495 -7 134824 70658 78153
Edge	27	94	157	1	0	0	6	-1
	Sequence	-edge_14_0_-disjointig_6_70658_78153 7495 7 134824 56670 64165
Edge	28	157	156	1	0	1	745	-1
	Sequence	+edge_15_0_-disjointig_2_5350540_5351479 939 -3 5390027 5350540 5351479
	Sequence	+edge_15_1_-disjointig_2_44518_45469 951 -3 5390027 44518 45469
	Sequence	+edge_15_2_-disjointig_2_2733_3672 939 -3 5390027 2733 3672
Edge	29	86	171	1	0	1	745	-1
	Sequence	-edge_15_0_-disjointig_2_5350540_5351479 939 3 5390027 38547 39486
	Sequence	-edge_15_1_-disjointig_2_44518_45469 951 3 5390027 5344557 5345508
	Sequence	-edge_15_2_-disjointig_2_2733_3672 939 3 5390027 5386354 5387293
Edge	30	1	210	1	0	1	0	-1
	Sequence	+edge_16_0_+disjointig_1_18876_19932 1056 1 294504 18876 19932
	Sequence	+edge_16_1_+disjointig_1_148508_149566 1058 1 294504 148508 149566
	Sequence	+edge_16_2_+disjointig_1_233665_234721 1056 1 294504 233665 234721
	Sequence	+edge_16_3_+disjointig_2_4425142_4426199 1057 3 5390027 4425142 4426199
	Sequence	+edge_16_4_-disjointig_2_417791_418847 1056 -3 5390027 417791 418847
	Sequence	+edge_16_5_+disjointig_6_27062_28118 1056 7 134824 27062 28118
	Sequence	+edge_16_6_+disjointig_6_68240_69296 1056 7 134824 68240 69296
	Sequence	+edge_16_7_+disjointig_6_109394_110450 1056 7 134824 109394 110450
Edge	31	155	0	1	0	1	0	-1
	Sequence	-edge_16_0_+disjointig_1_18876_19932 1056 -1 294504 274571 275627
	Sequence	-edge_16_1_+disjointig_1_148508_149566 1058 -1 294504 144937 145995
	Sequence	-edge_16_2_+disjointig_1_233665_234721 1056 -1 294504 59782 60838
	Sequence	-edge_16_3_+disjointig_2_4425142_4426199 1057 -3 5390027 963827 964884
	Sequence	-edge_16_4_-disjointig_2_417791_418847 1056 3 5390027 4971179 4972235
	Sequence	-edge_16_5_+disjointig_6_27062_28118 1056 -7 134824 106705 107761
	Sequence	-edge_16_6_+disjointig_6_68240_69296 1056 -7 134824 65527 66583
	Sequence	-edge_16_7_+disjointig_6_109394_110450 1056 -7 134824 24373 25429
Edge	32	194	283	0	0	0	63	-1
	Sequence	+edge_17_0_+disjointig_2_4421602_4423717 2115 3 5390027 4421602 4423717
Edge	33	120	211	0	0	0	63	-1
	Sequence	-edge_17_0_+disjointig_2_4421602_4423717 2115 -3 5390027 966309 968424
Edge	34	73	74	0	0	0	116	-1
	Sequence	+edge_18_0_-disjointig_1_145995_153442 7447 -1 294504 145995 153442
Edge	35	250	72	0	0	0	116	-1
	Sequence	-edge_18_0_-disjointig_1_145995_153442 7447 1 294504 141061 148508
Edge	38	216	65	0	0	0	82	-1
	Sequence	+edge_20_0_+disjointig_2_4972235_5121675 149440 3 5390027 4972235 5121675
Edge	39	27	128	0	0	0	82	-1
	Sequence	-edge_20_0_+disjointig_2_4972235_5121675 149440 -3 5390027 268351 417791
Edge	40	13	36	0	0	0	113	-1
	Sequence	+edge_21_0_+disjointig_1_19932_64676 44744 1 294504 19932 64676
	Sequence	+edge_21_1_+disjointig_1_234721_279512 44791 1 294504 234721 279512
Edge	41	280	12	0	0	0	113	-1
	Sequence	-edge_21_0_+disjointig_1_19932_64676 44744 -1 294504 229827 274571
	Sequence	-edge_21_1_+disjointig_1_234721_279512 44791 -1 294504 14991 59782
Edge	42	214	48	0	0	0	72	-1
	Sequence	+edge_22_0_+disjointig_2_4426199_4433510 7311 3 5390027 4426199 4433510
Edge	43	46	213	0	0	0	72	-1
	Sequence	-edge_22_0_+disjointig_2_4426199_4433510 7311 -3 5390027 956516 963827
Edge	44	204	142	0	0	0	74	-1
	Sequence	+edge_23_0_-disjointig_2_418847_516850 98003 -3 5390027 418847 516850
Edge	45	45	117	0	0	0	74	-1
	Sequence	-edge_23_0_-disjointig_2_418847_516850 98003 3 5390027 4873176 4971179
Edge	46	2	195	0	0	0	17	-1
	Sequence	+edge_24_0_+disjointig_6_28118_32524 4406 7 134824 28118 32524
	Sequence	+edge_24_1_+disjointig_6_110450_114856 4406 7 134824 110450 114856
Edge	47	130	282	0	0	0	17	-1
	Sequence	-edge_24_0_+disjointig_6_28118_32524 4406 -7 134824 102299 106705
	Sequence	-edge_24_1_+disjointig_6_110450_114856 4406 -7 134824 19967 24373
Edge	48	210	195	1	0	1	0	-1
	Sequence	+edge_25_0_+disjointig_6_69296_73705 4409 7 134824 69296 73705
Edge	49	130	155	1	0	1	0	-1
	Sequence	-edge_25_0_+disjointig_6_69296_73705 4409 -7 134824 61118 65527
Edge	50	71	69	0	0	0	101	-1
	Sequence	+edge_26_0_+disjointig_1_149566_154101 4535 1 294504 149566 154101
Edge	51	135	164	0	0	0	101	-1
	Sequence	-edge_26_0_+disjointig_1_149566_154101 4535 -1 294504 140402 144937
Edge	52	169	308	1	0	1	191	-1
	Sequence	+edge_27_0_+disjointig_1_64676_66738 2062 1 294504 64676 66738
	Sequence	+edge_27_1_+disjointig_1_279512_281574 2062 1 294504 279512 281574
	Sequence	+edge_27_2_+disjointig_5_54004_56257 2253 6 210336 54004 56257
	Sequence	+edge_27_3_+disjointig_5_179025_181278 2253 6 210336 179025 181278
Edge	53	263	139	1	0	1	191	-1
	Sequence	-edge_27_0_+disjointig_1_64676_66738 2062 -1 294504 227765 229827
	Sequence	-edge_27_1_+disjointig_1_279512_281574 2062 -1 294504 12929 14991
	Sequence	-edge_27_2_+disjointig_5_54004_56257 2253 -6 210336 154078 156331
	Sequence	-edge_27_3_+disjointig_5_179025_181278 2253 -6 210336 29057 31310
Edge	54	139	134	1	0	0	184	-1
	Sequence	+edge_28_0_-disjointig_5_156331_165872 9541 -6 210336 156331 165872
	Sequence	+edge_28_1_-disjointig_5_31310_40851 9541 -6 210336 31310 40851
Edge	55	94	169	1	0	0	184	-1
	Sequence	-edge_28_0_-disjointig_5_156331_165872 9541 6 210336 44463 54004
	Sequence	-edge_28_1_-disjointig_5_31310_40851 9541 6 210336 169484 179025
Edge	56	35	34	0	0	0	112	-1
	Sequence	+edge_29_0_+disjointig_1_66738_79595 12857 1 294504 66738 79595
	Sequence	+edge_29_1_+disjointig_1_281574_294502 12928 1 294504 281574 294502
Edge	57	31	37	0	0	0	112	-1
	Sequence	-edge_29_0_+disjointig_1_66738_79595 12857 -1 294504 214908 227765
	Sequence	-edge_29_1_+disjointig_1_281574_294502 12928 -1 294504 1 12929
Edge	58	308	203	1	0	1	184	-1
	Sequence	+edge_30_0_-disjointig_1_204089_205419 1330 -1 294504 204089 205419
	Sequence	+edge_30_1_-disjointig_1_194176_195520 1344 -1 294504 194176 195520
	Sequence	+edge_30_2_-disjointig_1_184105_185449 1344 -1 294504 184105 185449
	Sequence	+edge_30_3_+disjointig_1_139721_141061 1340 1 294504 139721 141061
	Sequence	+edge_30_4_+disjointig_2_3020662_3021995 1333 3 5390027 3020662 3021995
	Sequence	+edge_30_5_+disjointig_5_56257_57601 1344 6 210336 56257 57601
	Sequence	+edge_30_6_+disjointig_5_181278_182622 1344 6 210336 181278 182622
Edge	59	129	263	1	0	1	184	-1
	Sequence	-edge_30_0_-disjointig_1_204089_205419 1330 1 294504 89084 90414
	Sequence	-edge_30_1_-disjointig_1_194176_195520 1344 1 294504 98983 100327
	Sequence	-edge_30_2_-disjointig_1_184105_185449 1344 1 294504 109054 110398
	Sequence	-edge_30_3_+disjointig_1_139721_141061 1340 -1 294504 153442 154782
	Sequence	-edge_30_4_+disjointig_2_3020662_3021995 1333 -3 5390027 2368031 2369364
	Sequence	-edge_30_5_+disjointig_5_56257_57601 1344 -6 210336 152734 154078
	Sequence	-edge_30_6_+disjointig_5_181278_182622 1344 -6 210336 27713 29057
Edge	60	305	110	0	0	0	110	-1
	Sequence	+edge_31_0_+disjointig_1_110398_139721 29323 1 294504 110398 139721
Edge	61	212	262	0	0	0	110	-1
	Sequence	-edge_31_0_+disjointig_1_110398_139721 29323 -1 294504 154782 184105
Edge	62	251	272	0	0	0	94	-1
	Sequence	+edge_32_0_+disjointig_1_90414_98983 8569 1 294504 90414 98983
Edge	63	292	242	0	0	0	94	-1
	Sequence	-edge_32_0_+disjointig_1_90414_98983 8569 -1 294504 195520 204089
Edge	64	277	165	0	0	0	96	-1
	Sequence	+edge_33_0_+disjointig_1_100327_103688 3361 1 294504 100327 103688
Edge	65	306	270	0	0	0	96	-1
	Sequence	-edge_33_0_+disjointig_1_100327_103688 3361 -1 294504 190815 194176
Edge	66	316	198	0	0	0	68	-1
	Sequence	+edge_34_0_-disjointig_2_2369364_2589318 219954 -3 5390027 2369364 2589318
Edge	67	62	310	0	0	0	68	-1
	Sequence	-edge_34_0_-disjointig_2_2369364_2589318 219954 3 5390027 2800708 3020662
Edge	70	11	190	0	0	0	73	-1
	Sequence	+edge_36_0_+disjointig_2_4647103_4871981 224878 3 5390027 4647103 4871981
Edge	71	206	106	0	0	0	73	-1
	Sequence	-edge_36_0_+disjointig_2_4647103_4871981 224878 -3 5390027 518045 742923
Edge	72	257	249	0	0	0	76	-1
	Sequence	+edge_37_0_-disjointig_2_2132717_2368031 235314 -3 5390027 2132717 2368031
Edge	73	312	149	0	0	0	76	-1
	Sequence	-edge_37_0_-disjointig_2_2132717_2368031 235314 3 5390027 3021995 3257309
Edge	74	289	245	0	0	0	69	-1
	Sequence	+edge_38_0_+disjointig_2_1877429_1901155 23726 3 5390027 1877429 1901155
Edge	75	67	101	0	0	0	69	-1
	Sequence	-edge_38_0_+disjointig_2_1877429_1901155 23726 -3 5390027 3488871 3512597
Edge	76	221	140	0	0	0	68	-1
	Sequence	+edge_39_0_+disjointig_2_2165529_2181761 16232 3 5390027 2165529 2181761
Edge	77	309	218	0	0	0	68	-1
	Sequence	-edge_39_0_+disjointig_2_2165529_2181761 16232 -3 5390027 3208265 3224497
Edge	78	287	229	0	0	0	78	-1
	Sequence	+edge_40_0_-disjointig_2_1223951_1742317 518366 -3 5390027 1223951 1742317
Edge	79	99	189	0	0	0	78	-1
	Sequence	-edge_40_0_-disjointig_2_1223951_1742317 518366 3 5390027 3647709 4166075
Edge	80	29	166	0	0	0	93	-1
	Sequence	+edge_41_0_-disjointig_2_260353_263879 3526 -3 5390027 260353 263879
Edge	81	26	258	0	0	0	93	-1
	Sequence	-edge_41_0_-disjointig_2_260353_263879 3526 3 5390027 5126147 5129673
Edge	82	33	111	0	0	0	116	-1
	Sequence	+edge_42_0_+disjointig_1_80792_89084 8292 1 294504 80792 89084
Edge	83	246	32	0	0	0	116	-1
	Sequence	-edge_42_0_+disjointig_1_80792_89084 8292 -1 294504 205419 213711
Edge	84	281	95	0	0	0	74	-1
	Sequence	+edge_43_0_+disjointig_2_4167270_4181258 13988 3 5390027 4167270 4181258
Edge	85	299	285	0	0	0	74	-1
	Sequence	-edge_43_0_+disjointig_2_4167270_4181258 13988 -3 5390027 1208768 1222756
Edge	86	118	162	0	0	0	67	-1
	Sequence	+edge_44_0_+disjointig_2_3258504_3608844 350340 3 5390027 3258504 3608844
Edge	87	217	266	0	0	0	67	-1
	Sequence	-edge_44_0_+disjointig_2_3258504_3608844 350340 -3 5390027 1781182 2131522
Edge	88	148	41	0	0	0	67	-1
	Sequence	+edge_45_0_-disjointig_2_744118_813776 69658 -3 5390027 744118 813776
Edge	89	39	38	0	0	0	67	-1
	Sequence	-edge_45_0_-disjointig_2_744118_813776 69658 3 5390027 4576250 4645908
Edge	90	160	201	0	0	0	66	-1
	Sequence	+edge_46_0_+disjointig_2_4434707_4574559 139852 3 5390027 4434707 4574559
Edge	91	40	47	0	0	0	66	-1
	Sequence	-edge_46_0_+disjointig_2_4434707_4574559 139852 -3 5390027 815467 955319
Edge	92	103	192	0	0	0	67	-1
	Sequence	+edge_47_0_-disjointig_2_3513794_3673092 159298 -3 5390027 3513794 3673092
Edge	93	77	271	0	0	0	67	-1
	Sequence	-edge_47_0_-disjointig_2_3513794_3673092 159298 3 5390027 1716934 1876232
Edge	94	145	113	0	0	0	59	-1
	Sequence	+edge_48_0_-disjointig_2_3225694_3294848 69154 -3 5390027 3225694 3294848
Edge	95	92	219	0	0	0	59	-1
	Sequence	-edge_48_0_-disjointig_2_3225694_3294848 69154 3 5390027 2095178 2164332
Edge	96	30	183	0	0	0	84	-1
	Sequence	+edge_49_0_+disjointig_2_5130868_5328526 197658 3 5390027 5130868 5328526
Edge	97	126	314	0	0	0	84	-1
	Sequence	-edge_49_0_+disjointig_2_5130868_5328526 197658 -3 5390027 61500 259158
Edge	98	203	195	1	0	1	191	-1
	Sequence	+edge_50_0_-disjointig_1_185449_188544 3095 -1 294504 185449 188544
	Sequence	+edge_50_1_+disjointig_5_57601_60539 2938 6 210336 57601 60539
	Sequence	+edge_50_2_+disjointig_5_182622_185560 2938 6 210336 182622 185560
Edge	99	130	129	1	0	1	191	-1
	Sequence	-edge_50_0_-disjointig_1_185449_188544 3095 1 294504 105959 109054
	Sequence	-edge_50_1_+disjointig_5_57601_60539 2938 -6 210336 149796 152734
	Sequence	-edge_50_2_+disjointig_5_182622_185560 2938 -6 210336 24775 27713
Edge	100	87	123	0	0	1	151	-1
	Sequence	+edge_51_0_+disjointig_1_103688_105959 2271 1 294504 103688 105959
	Sequence	+edge_51_1_-disjointig_6_99978_102299 2321 -7 134824 99978 102299
	Sequence	+edge_51_2_-disjointig_6_58799_61118 2319 -7 134824 58799 61118
	Sequence	+edge_51_3_-disjointig_6_17646_19967 2321 -7 134824 17646 19967
Edge	101	3	55	0	0	1	151	-1
	Sequence	-edge_51_0_+disjointig_1_103688_105959 2271 -1 294504 188544 190815
	Sequence	-edge_51_1_-disjointig_6_99978_102299 2321 7 134824 32524 34845
	Sequence	-edge_51_2_-disjointig_6_58799_61118 2319 7 134824 73705 76024
	Sequence	-edge_51_3_-disjointig_6_17646_19967 2321 7 134824 114856 117177
Edge	106	195	94	1	0	0	184	-1
	Sequence	+edge_54_0_+disjointig_5_60539_78909 18370 6 210336 60539 78909
	Sequence	+edge_54_1_+disjointig_5_185560_203930 18370 6 210336 185560 203930
Edge	107	134	130	1	0	0	184	-1
	Sequence	-edge_54_0_+disjointig_5_60539_78909 18370 -6 210336 131426 149796
	Sequence	-edge_54_1_+disjointig_5_185560_203930 18370 -6 210336 6405 24775
Edge	108	158	318	1	0	1	911	-1
	Sequence	+edge_55_0_+disjointig_1_154101_155404 1303 1 294504 154101 155404
	Sequence	+edge_55_1_-disjointig_2_5376850_5378153 1303 -3 5390027 5376850 5378153
	Sequence	+edge_55_2_-disjointig_2_5335065_5336368 1303 -3 5390027 5335065 5336368
	Sequence	+edge_55_3_-disjointig_2_3988165_3989468 1303 -3 5390027 3988165 3989468
	Sequence	+edge_55_4_-disjointig_2_29043_30346 1303 -3 5390027 29043 30346
Edge	109	167	132	1	0	1	911	-1
	Sequence	-edge_55_0_+disjointig_1_154101_155404 1303 -1 294504 139099 140402
	Sequence	-edge_55_1_-disjointig_2_5376850_5378153 1303 3 5390027 11873 13176
	Sequence	-edge_55_2_-disjointig_2_5335065_5336368 1303 3 5390027 53658 54961
	Sequence	-edge_55_3_-disjointig_2_3988165_3989468 1303 3 5390027 1400558 1401861
	Sequence	-edge_55_4_-disjointig_2_29043_30346 1303 3 5390027 5359680 5360983
Edge	110	132	86	1	0	1	855	-1
	Sequence	+edge_56_0_+disjointig_2_13176_38547 25371 3 5390027 13176 38547
	Sequence	+edge_56_1_+disjointig_2_54961_80332 25371 3 5390027 54961 80332
	Sequence	+edge_56_2_+disjointig_2_5360983_5386354 25371 3 5390027 5360983 5386354
Edge	111	156	158	1	0	1	855	-1
	Sequence	-edge_56_0_+disjointig_2_13176_38547 25371 -3 5390027 5351479 5376850
	Sequence	-edge_56_1_+disjointig_2_54961_80332 25371 -3 5390027 5309694 5335065
	Sequence	-edge_56_2_+disjointig_2_5360983_5386354 25371 -3 5390027 3672 29043
Edge	112	42	227	0	0	0	65	-1
	Sequence	+edge_57_0_+disjointig_2_1401861_1672018 270157 3 5390027 1401861 1672018
Edge	113	226	273	0	0	0	65	-1
	Sequence	-edge_57_0_+disjointig_2_1401861_1672018 270157 -3 5390027 3718008 3988165
Edge	114	68	53	0	0	0	119	-1
	Sequence	+edge_58_0_+disjointig_1_155404_183401 27997 1 294504 155404 183401
Edge	115	303	70	0	0	0	119	-1
	Sequence	-edge_58_0_+disjointig_1_155404_183401 27997 -1 294504 111102 139099
Edge	116	318	234	1	0	1	893	-1
	Sequence	+edge_59_0_-disjointig_2_5378153_5388659 10506 -3 5390027 5378153 5388659
	Sequence	+edge_59_1_-disjointig_2_5336368_5347237 10869 -3 5390027 5336368 5347237
	Sequence	+edge_59_2_-disjointig_2_30346_41215 10869 -3 5390027 30346 41215
Edge	117	275	167	1	0	1	893	-1
	Sequence	-edge_59_0_-disjointig_2_5378153_5388659 10506 3 5390027 1367 11873
	Sequence	-edge_59_1_-disjointig_2_5336368_5347237 10869 3 5390027 42789 53658
	Sequence	-edge_59_2_-disjointig_2_30346_41215 10869 3 5390027 5348811 5359680
Edge	118	44	60	0	0	0	77	-1
	Sequence	+edge_60_0_-disjointig_2_3989468_4085000 95532 -3 5390027 3989468 4085000
Edge	119	57	43	0	0	0	77	-1
	Sequence	-edge_60_0_-disjointig_2_3989468_4085000 95532 3 5390027 1305026 1400558
Edge	120	150	141	1	0	1	176	-1
	Sequence	+edge_61_0_+disjointig_1_183401_191537 8136 1 294504 183401 191537
	Sequence	+edge_61_1_-disjointig_5_198497_206643 8146 -6 210336 198497 206643
	Sequence	+edge_61_2_-disjointig_5_73491_81637 8146 -6 210336 73491 81637
Edge	121	173	248	1	0	1	176	-1
	Sequence	-edge_61_0_+disjointig_1_183401_191537 8136 -1 294504 102966 111102
	Sequence	-edge_61_1_-disjointig_5_198497_206643 8146 6 210336 3692 11838
	Sequence	-edge_61_2_-disjointig_5_73491_81637 8146 6 210336 128698 136844
Edge	122	248	134	1	0	0	184	-1
	Sequence	+edge_62_0_+disjointig_5_11838_36090 24252 6 210336 11838 36090
	Sequence	+edge_62_1_+disjointig_5_136844_161103 24259 6 210336 136844 161103
Edge	123	94	150	1	0	0	184	-1
	Sequence	-edge_62_0_+disjointig_5_11838_36090 24252 -6 210336 174245 198497
	Sequence	-edge_62_1_+disjointig_5_136844_161103 24259 -6 210336 49232 73491
Edge	130	107	239	0	0	0	78	-1
	Sequence	+edge_66_0_+disjointig_2_1091715_1236530 144815 3 5390027 1091715 1236530
Edge	131	176	267	0	0	0	78	-1
	Sequence	-edge_66_0_+disjointig_2_1091715_1236530 144815 -3 5390027 4153496 4298311
Edge	136	80	275	1	0	1	1027	-1
	Sequence	+edge_69_0_+disjointig_2_42203_42789 586 3 5390027 42203 42789
	Sequence	+edge_69_1_+disjointig_2_974757_975329 572 3 5390027 974757 975329
	Sequence	+edge_69_2_+disjointig_2_5348225_5348811 586 3 5390027 5348225 5348811
Edge	137	234	184	1	0	1	1027	-1
	Sequence	-edge_69_0_+disjointig_2_42203_42789 586 -3 5390027 5347237 5347823
	Sequence	-edge_69_1_+disjointig_2_974757_975329 572 -3 5390027 4414697 4415269
	Sequence	-edge_69_2_+disjointig_2_5348225_5348811 586 -3 5390027 41215 41801
Edge	138	184	191	1	0	1	1130	-1
	Sequence	+edge_70_0_-disjointig_2_5347823_5349952 2129 -3 5390027 5347823 5349952
	Sequence	+edge_70_1_-disjointig_2_4829155_4830762 1607 -3 5390027 4829155 4830762
	Sequence	+edge_70_2_-disjointig_2_4415269_4417411 2142 -3 5390027 4415269 4417411
	Sequence	+edge_70_3_-disjointig_2_41801_43930 2129 -3 5390027 41801 43930
	Sequence	+edge_70_4_-disjointig_2_1_2145 2144 -3 5390027 1 2145
Edge	139	185	80	1	0	1	1130	-1
	Sequence	-edge_70_0_-disjointig_2_5347823_5349952 2129 3 5390027 40074 42203
	Sequence	-edge_70_1_-disjointig_2_4829155_4830762 1607 3 5390027 559264 560871
	Sequence	-edge_70_2_-disjointig_2_4415269_4417411 2142 3 5390027 972615 974757
	Sequence	-edge_70_3_-disjointig_2_41801_43930 2129 3 5390027 5346096 5348225
	Sequence	-edge_70_4_-disjointig_2_1_2145 2144 3 5390027 5387881 5390025
Edge	140	202	19	0	0	0	87	-1
	Sequence	+edge_71_0_+disjointig_2_80332_209549 129217 3 5390027 80332 209549
Edge	141	21	223	0	0	0	87	-1
	Sequence	-edge_71_0_+disjointig_2_80332_209549 129217 -3 5390027 5180477 5309694
Edge	142	291	307	0	0	0	87	-1
	Sequence	+edge_72_0_-disjointig_2_45469_58576 13107 -3 5390027 45469 58576
Edge	143	115	207	0	0	0	87	-1
	Sequence	-edge_72_0_-disjointig_2_45469_58576 13107 3 5390027 5331450 5344557
Edge	144	253	286	0	0	0	86	-1
	Sequence	+edge_73_0_-disjointig_2_4830762_4833664 2902 -3 5390027 4830762 4833664
Edge	145	276	304	0	0	0	86	-1
	Sequence	-edge_73_0_-disjointig_2_4830762_4833664 2902 3 5390027 556362 559264
Edge	148	279	24	0	0	0	70	-1
	Sequence	+edge_75_0_+disjointig_2_1915423_2044739 129316 3 5390027 1915423 2044739
Edge	149	25	244	0	0	0	70	-1
	Sequence	-edge_75_0_+disjointig_2_1915423_2044739 129316 -3 5390027 3345287 3474603
Edge	150	14	293	0	0	0	67	-1
	Sequence	+edge_76_0_+disjointig_2_2564830_2768384 203554 3 5390027 2564830 2768384
Edge	151	104	247	0	0	0	67	-1
	Sequence	-edge_76_0_+disjointig_2_2564830_2768384 203554 -3 5390027 2621642 2825196
Edge	152	109	170	0	0	0	60	-1
	Sequence	+edge_77_0_+disjointig_2_1902633_1913959 11326 3 5390027 1902633 1913959
Edge	153	278	300	0	0	0	60	-1
	Sequence	-edge_77_0_+disjointig_2_1902633_1913959 11326 -3 5390027 3476067 3487393
Edge	154	18	301	0	0	0	83	-1
	Sequence	+edge_78_0_+disjointig_2_211028_553837 342809 3 5390027 211028 553837
Edge	155	243	22	0	0	0	83	-1
	Sequence	-edge_78_0_+disjointig_2_211028_553837 342809 -3 5390027 4836189 5178998
Edge	156	235	153	0	0	0	82	-1
	Sequence	+edge_79_0_+disjointig_2_916204_925473 9269 3 5390027 916204 925473
Edge	157	231	236	0	0	0	82	-1
	Sequence	-edge_79_0_+disjointig_2_916204_925473 9269 -3 5390027 4464553 4473822
Edge	158	313	222	0	0	0	64	-1
	Sequence	+edge_80_0_-disjointig_2_2826674_2905220 78546 -3 5390027 2826674 2905220
Edge	159	255	15	0	0	0	64	-1
	Sequence	-edge_80_0_-disjointig_2_2826674_2905220 78546 3 5390027 2484806 2563352
Edge	162	151	230	0	0	0	85	-1
	Sequence	+edge_82_0_+disjointig_2_3611369_3642291 30922 3 5390027 3611369 3642291
Edge	163	240	146	0	0	0	85	-1
	Sequence	-edge_82_0_+disjointig_2_3611369_3642291 30922 -3 5390027 1747735 1778657
Edge	164	94	94	1	0	1	1022	-1
	Sequence	+edge_83_0_+disjointig_2_925473_927162 1689 3 5390027 925473 927162
	Sequence	+edge_83_1_+disjointig_2_927162_928849 1687 3 5390027 927162 928849
	Sequence	+edge_83_2_-disjointig_2_2905220_2906908 1688 -3 5390027 2905220 2906908
	Sequence	+edge_83_3_-disjointig_2_813776_815467 1691 -3 5390027 813776 815467
	Sequence	+edge_83_4_-disjointig_3_43443_45134 1691 -4 69329 43443 45134
	Sequence	+edge_83_5_+disjointig_3_48369_50060 1691 4 69329 48369 50060
	Sequence	+edge_83_6_-disjointig_4_245926_247617 1691 -5 259118 245926 247617
	Sequence	+edge_83_7_-disjointig_4_166446_168136 1690 -5 259118 166446 168136
	Sequence	+edge_83_8_-disjointig_4_86972_88663 1691 -5 259118 86972 88663
	Sequence	+edge_83_9_-disjointig_4_10289_11980 1691 -5 259118 10289 11980
	Sequence	+edge_83_10_-disjointig_5_172557_174245 1688 -6 210336 172557 174245
	Sequence	+edge_83_11_+disjointig_5_42775_44463 1688 6 210336 42775 44463
	Sequence	+edge_83_12_+disjointig_5_78909_80596 1687 6 210336 78909 80596
	Sequence	+edge_83_13_-disjointig_5_47540_49232 1692 -6 210336 47540 49232
	Sequence	+edge_83_14_+disjointig_5_167796_169484 1688 6 210336 167796 169484
	Sequence	+edge_83_15_+disjointig_5_203930_205612 1682 6 210336 203930 205612
	Sequence	+edge_83_16_+disjointig_6_13801_15494 1693 7 134824 13801 15494
	Sequence	+edge_83_17_+disjointig_6_54978_56670 1692 7 134824 54978 56670
	Sequence	+edge_83_18_+disjointig_6_96135_97826 1691 7 134824 96135 97826
Edge	165	134	134	1	0	1	1022	-1
	Sequence	-edge_83_0_+disjointig_2_925473_927162 1689 -3 5390027 4462864 4464553
	Sequence	-edge_83_1_+disjointig_2_927162_928849 1687 -3 5390027 4461177 4462864
	Sequence	-edge_83_2_-disjointig_2_2905220_2906908 1688 3 5390027 2483118 2484806
	Sequence	-edge_83_3_-disjointig_2_813776_815467 1691 3 5390027 4574559 4576250
	Sequence	-edge_83_4_-disjointig_3_43443_45134 1691 4 69329 24194 25885
	Sequence	-edge_83_5_+disjointig_3_48369_50060 1691 -4 69329 19268 20959
	Sequence	-edge_83_6_-disjointig_4_245926_247617 1691 5 259118 11500 13191
	Sequence	-edge_83_7_-disjointig_4_166446_168136 1690 5 259118 90981 92671
	Sequence	-edge_83_8_-disjointig_4_86972_88663 1691 5 259118 170454 172145
	Sequence	-edge_83_9_-disjointig_4_10289_11980 1691 5 259118 247137 248828
	Sequence	-edge_83_10_-disjointig_5_172557_174245 1688 6 210336 36090 37778
	Sequence	-edge_83_11_+disjointig_5_42775_44463 1688 -6 210336 165872 167560
	Sequence	-edge_83_12_+disjointig_5_78909_80596 1687 -6 210336 129739 131426
	Sequence	-edge_83_13_-disjointig_5_47540_49232 1692 6 210336 161103 162795
	Sequence	-edge_83_14_+disjointig_5_167796_169484 1688 -6 210336 40851 42539
	Sequence	-edge_83_15_+disjointig_5_203930_205612 1682 -6 210336 4723 6405
	Sequence	-edge_83_16_+disjointig_6_13801_15494 1693 -7 134824 119329 121022
	Sequence	-edge_83_17_+disjointig_6_54978_56670 1692 -7 134824 78153 79845
	Sequence	-edge_83_18_+disjointig_6_96135_97826 1691 -7 134824 36997 38688
Edge	166	294	54	0	0	0	72	-1
	Sequence	+edge_84_0_-disjointig_2_2906908_2995895 88987 -3 5390027 2906908 2995895
Edge	167	81	254	0	0	0	72	-1
	Sequence	-edge_84_0_-disjointig_2_2906908_2995895 88987 3 5390027 2394131 2483118
Edge	168	94	182	1	0	1	157	-1
	Sequence	+edge_85_0_+disjointig_2_5124803_5126147 1344 3 5390027 5124803 5126147
	Sequence	+edge_85_1_+disjointig_5_80596_81927 1331 6 210336 80596 81927
	Sequence	+edge_85_2_+disjointig_5_205612_206946 1334 6 210336 205612 206946
Edge	169	144	134	1	0	1	157	-1
	Sequence	-edge_85_0_+disjointig_2_5124803_5126147 1344 -3 5390027 263879 265223
	Sequence	-edge_85_1_+disjointig_5_80596_81927 1331 -6 210336 128408 129739
	Sequence	-edge_85_2_+disjointig_5_205612_206946 1334 -6 210336 3389 4723
Edge	170	196	225	1	0	0	98	-1
	Sequence	+edge_86_0_-disjointig_3_45134_66926 21792 -4 69329 45134 66926
Edge	171	265	199	1	0	0	98	-1
	Sequence	-edge_86_0_-disjointig_3_45134_66926 21792 4 69329 2402 24194
Edge	174	49	319	0	0	0	106	-1
	Sequence	+edge_88_0_-disjointig_4_247617_257075 9458 -5 259118 247617 257075
	Sequence	+edge_88_1_-disjointig_4_168136_177585 9449 -5 259118 168136 177585
	Sequence	+edge_88_2_-disjointig_4_88663_98109 9446 -5 259118 88663 98109
	Sequence	+edge_88_3_-disjointig_4_11980_21438 9458 -5 259118 11980 21438
Edge	175	75	259	0	0	0	106	-1
	Sequence	-edge_88_0_-disjointig_4_247617_257075 9458 5 259118 2042 11500
	Sequence	-edge_88_1_-disjointig_4_168136_177585 9449 5 259118 81532 90981
	Sequence	-edge_88_2_-disjointig_4_88663_98109 9446 5 259118 161008 170454
	Sequence	-edge_88_3_-disjointig_4_11980_21438 9458 5 259118 237679 247137
Edge	176	134	138	1	0	0	175	-1
	Sequence	+edge_89_0_+disjointig_5_37778_39646 1868 6 210336 37778 39646
	Sequence	+edge_89_1_+disjointig_5_162795_164667 1872 6 210336 162795 164667
Edge	177	215	94	1	0	0	175	-1
	Sequence	-edge_89_0_+disjointig_5_37778_39646 1868 -6 210336 170689 172557
	Sequence	-edge_89_1_+disjointig_5_162795_164667 1872 -6 210336 45668 47540
Edge	178	134	215	1	0	1	176	-1
	Sequence	+edge_90_0_-disjointig_2_265223_268351 3128 -3 5390027 265223 268351
	Sequence	+edge_90_1_-disjointig_5_167560_170689 3129 -6 210336 167560 170689
	Sequence	+edge_90_2_-disjointig_5_42539_45668 3129 -6 210336 42539 45668
Edge	179	138	94	1	0	1	176	-1
	Sequence	-edge_90_0_-disjointig_2_265223_268351 3128 3 5390027 5121675 5124803
	Sequence	-edge_90_1_-disjointig_5_167560_170689 3129 6 210336 39646 42775
	Sequence	-edge_90_2_-disjointig_5_42539_45668 3129 6 210336 164667 167796
Edge	180	134	290	1	0	0	20	-1
	Sequence	+edge_91_0_+disjointig_3_25885_36405 10520 4 69329 25885 36405
Edge	181	79	94	1	0	0	20	-1
	Sequence	-edge_91_0_+disjointig_3_25885_36405 10520 -4 69329 32923 43443
Edge	182	200	83	1	0	0	65	-1
	Sequence	+edge_92_0_-disjointig_3_20959_31575 10616 -4 69329 20959 31575
Edge	183	82	179	1	0	0	65	-1
	Sequence	-edge_92_0_-disjointig_3_20959_31575 10616 4 69329 37753 48369
Edge	194	133	58	0	0	0	75	-1
	Sequence	+edge_98_0_+disjointig_2_1242317_1299627 57310 3 5390027 1242317 1299627
Edge	195	59	238	0	0	0	75	-1
	Sequence	-edge_98_0_+disjointig_2_1242317_1299627 57310 -3 5390027 4090399 4147709
Edge	196	152	100	0	0	0	77	-1
	Sequence	+edge_99_0_-disjointig_2_3678892_3691295 12403 -3 5390027 3678892 3691295
Edge	197	269	91	0	0	0	77	-1
	Sequence	-edge_99_0_-disjointig_2_3678892_3691295 12403 3 5390027 1698731 1711134
Edge	200	178	260	0	0	0	67	-1
	Sequence	+edge_101_0_-disjointig_2_3103735_3202848 99113 -3 5390027 3103735 3202848
Edge	201	232	197	0	0	0	67	-1
	Sequence	-edge_101_0_-disjointig_2_3103735_3202848 99113 3 5390027 2187178 2286291
Edge	202	181	208	0	0	0	60	-1
	Sequence	+edge_102_0_-disjointig_2_3300247_3304622 4375 -3 5390027 3300247 3304622
Edge	203	252	136	0	0	0	60	-1
	Sequence	-edge_102_0_-disjointig_2_3300247_3304622 4375 3 5390027 2085404 2089779
Edge	204	228	268	0	0	0	65	-1
	Sequence	+edge_103_0_+disjointig_2_1677333_1697196 19863 3 5390027 1677333 1697196
Edge	205	264	224	0	0	0	65	-1
	Sequence	-edge_103_0_+disjointig_2_1677333_1697196 19863 -3 5390027 3692830 3712693
Edge	206	175	56	0	0	0	62	-1
	Sequence	+edge_104_0_+disjointig_2_2291605_2392522 100917 3 5390027 2291605 2392522
Edge	207	52	274	0	0	0	62	-1
	Sequence	-edge_104_0_+disjointig_2_2291605_2392522 100917 -3 5390027 2997504 3098421
Edge	208	23	205	0	0	0	67	-1
	Sequence	+edge_105_0_+disjointig_2_2050045_2084257 34212 3 5390027 2050045 2084257
Edge	209	209	28	0	0	0	67	-1
	Sequence	-edge_105_0_+disjointig_2_2050045_2084257 34212 -3 5390027 3305769 3339981
Edge	210	9	295	0	0	0	55	-1
	Sequence	+edge_106_0_-disjointig_2_2594354_2620495 26141 -3 5390027 2594354 2620495
Edge	211	88	10	0	0	0	55	-1
	Sequence	-edge_106_0_-disjointig_2_2594354_2620495 26141 3 5390027 2769531 2795672
Edge	216	182	89	1	0	0	153	-1
	Sequence	+edge_109_0_+disjointig_5_81927_84548 2621 6 210336 81927 84548
	Sequence	+edge_109_1_+disjointig_5_206946_209543 2597 6 210336 206946 209543
Edge	217	114	144	1	0	0	153	-1
	Sequence	-edge_109_0_+disjointig_5_81927_84548 2621 -6 210336 125787 128408
	Sequence	-edge_109_1_+disjointig_5_206946_209543 2597 -6 210336 792 3389
Edge	218	127	102	1	0	1	306	-1
	Sequence	+edge_110_0_+disjointig_2_5328526_5329056 530 3 5390027 5328526 5329056
	Sequence	+edge_110_1_+disjointig_2_5329723_5330253 530 3 5390027 5329723 5330253
	Sequence	+edge_110_2_+disjointig_2_5330920_5331450 530 3 5390027 5330920 5331450
Edge	219	193	105	1	0	1	306	-1
	Sequence	-edge_110_0_+disjointig_2_5328526_5329056 530 -3 5390027 60970 61500
	Sequence	-edge_110_1_+disjointig_2_5329723_5330253 530 -3 5390027 59773 60303
	Sequence	-edge_110_2_+disjointig_2_5330920_5331450 530 -3 5390027 58576 59106
Edge	220	105	193	1	0	1	210	-1
	Sequence	+edge_111_0_-disjointig_2_60303_60970 667 -3 5390027 60303 60970
	Sequence	+edge_111_1_-disjointig_2_59106_59773 667 -3 5390027 59106 59773
Edge	221	102	127	1	0	1	210	-1
	Sequence	-edge_111_0_-disjointig_2_60303_60970 667 3 5390027 5329056 5329723
	Sequence	-edge_111_1_-disjointig_2_59106_59773 667 3 5390027 5330253 5330920
Edge	224	225	265	1	1	1	0	-1
	Sequence	+edge_113_0_+disjointig_3_1058_2402 1344 4 69329 1058 2402
	Sequence	-edge_113_0_+disjointig_3_1058_2402 1344 -4 69329 66926 68270
	Sequence	+edge_113_1_+disjointig_3_36405_37753 1348 4 69329 36405 37753
	Sequence	-edge_113_1_+disjointig_3_36405_37753 1348 -4 69329 31575 32923
Edge	230	177	114	1	0	1	168	-1
	Sequence	+edge_116_0_+disjointig_4_761_2042 1281 5 259118 761 2042
	Sequence	+edge_116_1_+disjointig_4_80249_81532 1283 5 259118 80249 81532
	Sequence	+edge_116_2_+disjointig_4_159728_161008 1280 5 259118 159728 161008
	Sequence	+edge_116_3_+disjointig_4_236398_237679 1281 5 259118 236398 237679
	Sequence	+edge_116_4_-disjointig_5_124506_125787 1281 -6 210336 124506 125787
	Sequence	+edge_116_5_-disjointig_5_20_792 772 -6 210336 20 792
Edge	231	89	98	1	0	1	168	-1
	Sequence	-edge_116_0_+disjointig_4_761_2042 1281 -5 259118 257075 258356
	Sequence	-edge_116_1_+disjointig_4_80249_81532 1283 -5 259118 177585 178868
	Sequence	-edge_116_2_+disjointig_4_159728_161008 1280 -5 259118 98109 99389
	Sequence	-edge_116_3_+disjointig_4_236398_237679 1281 -5 259118 21438 22719
	Sequence	-edge_116_4_-disjointig_5_124506_125787 1281 6 210336 84548 85829
	Sequence	-edge_116_5_-disjointig_5_20_792 772 6 210336 209543 210315
Edge	232	98	143	1	0	1	172	-1
	Sequence	+edge_117_0_-disjointig_4_188873_191019 2146 -5 259118 188873 191019
	Sequence	+edge_117_1_-disjointig_4_109395_111535 2140 -5 259118 109395 111535
	Sequence	+edge_117_2_-disjointig_4_32723_34869 2146 -5 259118 32723 34869
	Sequence	+edge_117_3_+disjointig_5_85829_87968 2139 6 210336 85829 87968
Edge	233	180	177	1	0	1	172	-1
	Sequence	-edge_117_0_-disjointig_4_188873_191019 2146 5 259118 68098 70244
	Sequence	-edge_117_1_-disjointig_4_109395_111535 2140 5 259118 147582 149722
	Sequence	-edge_117_2_-disjointig_4_32723_34869 2146 5 259118 224248 226394
	Sequence	-edge_117_3_+disjointig_5_85829_87968 2139 -6 210336 122367 124506
Edge	236	90	85	0	0	0	111	-1
	Sequence	+edge_119_0_+disjointig_4_30847_33554 2707 5 259118 30847 33554
	Sequence	+edge_119_1_+disjointig_4_110324_113031 2707 5 259118 110324 113031
Edge	237	116	119	0	0	0	111	-1
	Sequence	-edge_119_0_+disjointig_4_30847_33554 2707 -5 259118 225563 228270
	Sequence	-edge_119_1_+disjointig_4_110324_113031 2707 -5 259118 146086 148793
Edge	238	85	66	0	0	0	142	-1
	Sequence	+edge_120_0_+disjointig_4_33554_68098 34544 5 259118 33554 68098
	Sequence	+edge_120_1_+disjointig_4_113031_147582 34551 5 259118 113031 147582
	Sequence	+edge_120_2_+disjointig_4_189698_224248 34550 5 259118 189698 224248
Edge	239	61	116	0	0	0	142	-1
	Sequence	-edge_120_0_+disjointig_4_33554_68098 34544 -5 259118 191019 225563
	Sequence	-edge_120_1_+disjointig_4_113031_147582 34551 -5 259118 111535 146086
	Sequence	-edge_120_2_+disjointig_4_189698_224248 34550 -5 259118 34869 69419
Edge	242	17	51	0	0	0	112	-1
	Sequence	+edge_122_0_+disjointig_1_191537_219294 27757 1 294504 191537 219294
Edge	243	121	16	0	0	0	112	-1
	Sequence	-edge_122_0_+disjointig_1_191537_219294 27757 -1 294504 75209 102966
Edge	244	55	4	0	0	0	63	-1
	Sequence	+edge_123_0_+disjointig_6_76024_96135 20111 7 134824 76024 96135
Edge	245	78	87	0	0	0	63	-1
	Sequence	-edge_123_0_+disjointig_6_76024_96135 20111 -7 134824 38688 58799
Edge	246	174	94	1	0	0	1	-1
	Sequence	+edge_124_0_+disjointig_6_34845_54978 20133 7 134824 34845 54978
Edge	247	134	125	1	0	0	1	-1
	Sequence	-edge_124_0_+disjointig_6_34845_54978 20133 -7 134824 79845 99978
Edge	248	141	180	1	0	0	179	-1
	Sequence	+edge_125_0_-disjointig_5_81637_122367 40730 -6 210336 81637 122367
Edge	249	143	173	1	0	0	179	-1
	Sequence	-edge_125_0_-disjointig_5_81637_122367 40730 6 210336 87968 128698
Edge	250	84	107	0	0	0	71	-1
	Sequence	+edge_126_0_+disjointig_2_980642_1091715 111073 3 5390027 980642 1091715
Edge	251	267	172	0	0	0	71	-1
	Sequence	-edge_126_0_+disjointig_2_980642_1091715 111073 -3 5390027 4298311 4409384
Edge	252	311	90	0	0	0	88	-1
	Sequence	+edge_127_0_+disjointig_4_13191_30847 17656 5 259118 13191 30847
	Sequence	+edge_127_1_+disjointig_4_92671_110324 17653 5 259118 92671 110324
	Sequence	+edge_127_2_+disjointig_4_172145_189698 17553 5 259118 172145 189698
Edge	253	119	188	0	0	0	88	-1
	Sequence	-edge_127_0_+disjointig_4_13191_30847 17656 -5 259118 228270 245926
	Sequence	-edge_127_1_+disjointig_4_92671_110324 17653 -5 259118 148793 166446
	Sequence	-edge_127_2_+disjointig_4_172145_189698 17553 -5 259118 69419 86972
Edge	256	64	76	0	0	0	126	-1
	Sequence	+edge_129_0_+disjointig_4_70244_80249 10005 5 259118 70244 80249
	Sequence	+edge_129_1_+disjointig_4_149722_159728 10006 5 259118 149722 159728
	Sequence	+edge_129_2_+disjointig_4_226394_236398 10004 5 259118 226394 236398
Edge	257	220	63	0	0	0	126	-1
	Sequence	-edge_129_0_+disjointig_4_70244_80249 10005 -5 259118 178868 188873
	Sequence	-edge_129_1_+disjointig_4_149722_159728 10006 -5 259118 99389 109395
	Sequence	-edge_129_2_+disjointig_4_226394_236398 10004 -5 259118 22719 32723
Edge	258	290	82	1	0	0	42	-1
	Sequence	+edge_130_0_-read_071866_2545_3886 1341 * 0 0 0
Edge	259	83	79	1	0	0	42	-1
	Sequence	-edge_130_0_-read_071866_2545_3886 1341 * 0 0 0
Edge	260	136	92	0	0	0	59	-1
	Sequence	+edge_131_0_+read_200276_29750_35147 5397 * 0 0 0
Edge	261	113	181	0	0	0	59	-1
	Sequence	-edge_131_0_+read_200276_29750_35147 5397 * 0 0 0
Edge	262	91	77	0	0	0	72	-1
	Sequence	+edge_132_0_-read_211051_15943_21739 5796 * 0 0 0
Edge	263	192	152	0	0	0	72	-1
	Sequence	-edge_132_0_-read_211051_15943_21739 5796 * 0 0 0
Edge	264	179	196	1	0	0	81	-1
	Sequence	+edge_133_0_-read_178886_11353_13043 1690 * 0 0 0
Edge	265	199	200	1	0	0	81	-1
	Sequence	-edge_133_0_-read_178886_11353_13043 1690 * 0 0 0
Edge	266	205	252	0	0	0	63	-1
	Sequence	+edge_134_0_+read_200276_24228_25376 1148 * 0 0 0
Edge	267	208	209	0	0	0	63	-1
	Sequence	-edge_134_0_+read_200276_24228_25376 1148 * 0 0 0
Edge	268	211	186	0	0	0	66	-1
	Sequence	+edge_135_0_+read_086664_25354_26645 1291 * 0 0 0
Edge	269	187	194	0	0	0	66	-1
	Sequence	-edge_135_0_+read_086664_25354_26645 1291 * 0 0 0
Edge	270	213	120	0	0	0	67	-1
	Sequence	+edge_136_0_+read_011459_32391_34872 2481 * 0 0 0
Edge	271	283	214	0	0	0	67	-1
	Sequence	-edge_136_0_+read_011459_32391_34872 2481 * 0 0 0
Edge	272	117	216	0	0	0	78	-1
	Sequence	+edge_137_0_-read_106549_26111_27165 1054 * 0 0 0
Edge	273	128	204	0	0	0	78	-1
	Sequence	-edge_137_0_-read_106549_26111_27165 1054 * 0 0 0
Edge	274	218	145	0	0	0	63	-1
	Sequence	+edge_138_0_-read_021801_2004_3199 1195 * 0 0 0
Edge	275	219	221	0	0	0	63	-1
	Sequence	-edge_138_0_-read_021801_2004_3199 1195 * 0 0 0
Edge	276	224	226	0	0	0	65	-1
	Sequence	+edge_139_0_-read_247038_19433_24747 5314 * 0 0 0
Edge	277	227	228	0	0	0	65	-1
	Sequence	-edge_139_0_-read_247038_19433_24747 5314 * 0 0 0
Edge	278	229	240	0	0	0	81	-1
	Sequence	+edge_140_0_-read_061012_4896_10312 5416 * 0 0 0
Edge	279	230	99	0	0	0	81	-1
	Sequence	-edge_140_0_-read_061012_4896_10312 5416 * 0 0 0
Edge	280	147	231	0	0	0	80	-1
	Sequence	+edge_141_0_-read_040905_19761_23135 3374 * 0 0 0
Edge	281	153	241	0	0	0	80	-1
	Sequence	-edge_141_0_-read_040905_19761_23135 3374 * 0 0 0
Edge	282	233	235	0	0	0	76	-1
	Sequence	+edge_142_0_+read_152322_26994_28445 1451 * 0 0 0
Edge	283	236	237	0	0	0	76	-1
	Sequence	-edge_142_0_+read_152322_26994_28445 1451 * 0 0 0
Edge	284	238	176	0	0	0	76	-1
	Sequence	+edge_143_0_+read_234781_26765_32545 5780 * 0 0 0
Edge	285	239	133	0	0	0	76	-1
	Sequence	-edge_143_0_+read_234781_26765_32545 5780 * 0 0 0
Edge	286	242	246	0	0	0	105	-1
	Sequence	+edge_144_0_+read_007242_29557_30887 1330 * 0 0 0
Edge	287	111	251	0	0	0	105	-1
	Sequence	-edge_144_0_+read_007242_29557_30887 1330 * 0 0 0
Edge	288	222	294	0	0	0	68	-1
	Sequence	+edge_145_0_+read_043293_6610_8297 1687 * 0 0 0
Edge	289	254	255	0	0	0	68	-1
	Sequence	-edge_145_0_+read_043293_6610_8297 1687 * 0 0 0
Edge	290	266	257	0	0	0	71	-1
	Sequence	+edge_146_0_-read_091878_52548_53741 1193 * 0 0 0
Edge	291	149	118	0	0	0	71	-1
	Sequence	-edge_146_0_-read_091878_52548_53741 1193 * 0 0 0
Edge	292	260	309	0	0	0	67	-1
	Sequence	+edge_147_0_+read_185667_18784_24200 5416 * 0 0 0
Edge	293	140	232	0	0	0	67	-1
	Sequence	-edge_147_0_+read_185667_18784_24200 5416 * 0 0 0
Edge	294	100	264	0	0	0	71	-1
	Sequence	+edge_148_0_-read_168510_707_2243 1536 * 0 0 0
Edge	295	268	269	0	0	0	71	-1
	Sequence	-edge_148_0_-read_168510_707_2243 1536 * 0 0 0
Edge	296	270	292	0	0	0	95	-1
	Sequence	+edge_149_0_-read_044112_5684_7027 1343 * 0 0 0
Edge	297	272	277	0	0	0	95	-1
	Sequence	-edge_149_0_-read_044112_5684_7027 1343 * 0 0 0
Edge	298	197	175	0	0	0	64	-1
	Sequence	+edge_150_0_+read_166022_10008_15317 5309 * 0 0 0
Edge	299	274	178	0	0	0	64	-1
	Sequence	-edge_150_0_+read_166022_10008_15317 5309 * 0 0 0
Edge	300	301	276	0	0	0	84	-1
	Sequence	+edge_151_0_-read_185529_11626_14149 2523 * 0 0 0
Edge	301	286	243	0	0	0	84	-1
	Sequence	-edge_151_0_-read_185529_11626_14149 2523 * 0 0 0
Edge	302	244	278	0	0	0	65	-1
	Sequence	+edge_152_0_+read_162569_4737_6200 1463 * 0 0 0
Edge	303	170	279	0	0	0	65	-1
	Sequence	-edge_152_0_+read_162569_4737_6200 1463 * 0 0 0
Edge	304	189	281	0	0	0	76	-1
	Sequence	+edge_153_0_-read_118642_2700_3894 1194 * 0 0 0
Edge	305	285	287	0	0	0	76	-1
	Sequence	-edge_153_0_-read_118642_2700_3894 1194 * 0 0 0
Edge	306	101	103	0	0	0	68	-1
	Sequence	+edge_154_0_+read_049739_12043_13238 1195 * 0 0 0
Edge	307	271	289	0	0	0	68	-1
	Sequence	-edge_154_0_+read_049739_12043_13238 1195 * 0 0 0
Edge	308	223	291	0	0	0	87	-1
	Sequence	+edge_155_0_+read_024700_6026_47301 41275 * 0 0 0
Edge	309	207	202	0	0	0	87	-1
	Sequence	-edge_155_0_+read_024700_6026_47301 41275 * 0 0 0
Edge	310	293	88	0	0	0	61	-1
	Sequence	+edge_156_0_-read_160295_24139_25287 1148 * 0 0 0
Edge	311	295	104	0	0	0	61	-1
	Sequence	-edge_156_0_-read_160295_24139_25287 1148 * 0 0 0
Edge	314	296	297	0	0	0	67	-1
	Sequence	+edge_158_0_+read_160911_8015_9927 1912 * 0 0 0
Edge	315	256	315	0	0	0	67	-1
	Sequence	-edge_158_0_+read_160911_8015_9927 1912 * 0 0 0
Edge	316	95	298	0	0	0	69	-1
	Sequence	+edge_159_0_-read_232433_30908_32370 1462 * 0 0 0
Edge	317	112	299	0	0	0	69	-1
	Sequence	-edge_159_0_-read_232433_30908_32370 1462 * 0 0 0
Edge	318	302	84	0	0	0	75	-1
	Sequence	+edge_160_0_+read_020483_3949_14472 10523 * 0 0 0
Edge	319	172	288	0	0	0	75	-1
	Sequence	-edge_160_0_+read_020483_3949_14472 10523 * 0 0 0
Edge	320	261	253	0	0	0	84	-1
	Sequence	+edge_161_0_+read_216328_14595_16201 1606 * 0 0 0
Edge	321	304	284	0	0	0	84	-1
	Sequence	-edge_161_0_+read_216328_14595_16201 1606 * 0 0 0
Edge	322	165	305	0	0	0	103	-1
	Sequence	+edge_162_0_-read_158783_5736_12445 6709 * 0 0 0
Edge	323	262	306	0	0	0	103	-1
	Sequence	-edge_162_0_-read_158783_5736_12445 6709 * 0 0 0
Edge	324	146	217	0	0	0	76	-1
	Sequence	+edge_163_0_+read_176056_11990_14514 2524 * 0 0 0
Edge	325	162	151	0	0	0	76	-1
	Sequence	-edge_163_0_+read_176056_11990_14514 2524 * 0 0 0
Edge	326	307	126	0	0	0	85	-1
	Sequence	+edge_164_0_-read_099845_5511_8434 2923 * 0 0 0
Edge	327	183	115	0	0	0	85	-1
	Sequence	-edge_164_0_-read_099845_5511_8434 2923 * 0 0 0
Edge	328	310	312	0	0	0	72	-1
	Sequence	+edge_165_0_+read_246050_15252_16584 1332 * 0 0 0
Edge	329	249	316	0	0	0	72	-1
	Sequence	-edge_165_0_+read_246050_15252_16584 1332 * 0 0 0
Edge	330	319	220	0	0	0	116	-1
	Sequence	+edge_166_0_-read_047170_19225_20506 1281 * 0 0 0
Edge	331	76	75	0	0	0	116	-1
	Sequence	-edge_166_0_-read_047170_19225_20506 1281 * 0 0 0
Edge	332	110	250	0	0	0	113	-1
	Sequence	+edge_167_0_+read_164405_13421_14762 1341 * 0 0 0
Edge	333	74	212	0	0	0	113	-1
	Sequence	-edge_167_0_+read_164405_13421_14762 1341 * 0 0 0
Edge	334	164	73	0	0	0	108	-1
	Sequence	+edge_168_0_-read_096414_31365_32421 1056 * 0 0 0
Edge	335	72	71	0	0	0	108	-1
	Sequence	-edge_168_0_-read_096414_31365_32421 1056 * 0 0 0
Edge	336	70	135	0	0	0	110	-1
	Sequence	+edge_169_0_-read_240194_12229_13531 1302 * 0 0 0
Edge	337	69	68	0	0	0	110	-1
	Sequence	-edge_169_0_-read_240194_12229_13531 1302 * 0 0 0
Edge	338	245	109	0	0	0	64	-1
	Sequence	+edge_170_0_-read_160498_21478_22954 1476 * 0 0 0
Edge	339	300	67	0	0	0	64	-1
	Sequence	-edge_170_0_-read_160498_21478_22954 1476 * 0 0 0
Edge	340	66	64	0	0	0	134	-1
	Sequence	+edge_171_0_-read_157351_3659_5803 2144 * 0 0 0
Edge	341	63	61	0	0	0	134	-1
	Sequence	-edge_171_0_-read_157351_3659_5803 2144 * 0 0 0
Edge	342	60	59	0	0	0	76	-1
	Sequence	+edge_172_0_+read_046530_811_6208 5397 * 0 0 0
Edge	343	58	57	0	0	0	76	-1
	Sequence	-edge_172_0_+read_046530_811_6208 5397 * 0 0 0
Edge	344	56	81	0	0	0	67	-1
	Sequence	+edge_173_0_-read_035312_17837_19446 1609 * 0 0 0
Edge	345	54	52	0	0	0	67	-1
	Sequence	-edge_173_0_-read_035312_17837_19446 1609 * 0 0 0
Edge	346	51	154	0	0	0	115	-1
	Sequence	+edge_174_0_+read_146003_1632_3546 1914 * 0 0 0
Edge	347	159	121	0	0	0	115	-1
	Sequence	-edge_174_0_+read_146003_1632_3546 1914 * 0 0 0
Edge	348	188	49	0	0	0	97	-1
	Sequence	+edge_175_0_+read_149315_8091_9779 1688 * 0 0 0
Edge	349	259	311	0	0	0	97	-1
	Sequence	-edge_175_0_+read_149315_8091_9779 1688 * 0 0 0
Edge	350	48	160	0	0	0	69	-1
	Sequence	+edge_176_0_+read_198096_11718_12915 1197 * 0 0 0
Edge	351	47	46	0	0	0	69	-1
	Sequence	-edge_176_0_+read_198096_11718_12915 1197 * 0 0 0
Edge	352	142	206	0	0	0	73	-1
	Sequence	+edge_177_0_-read_185813_1804_3000 1196 * 0 0 0
Edge	353	190	45	0	0	0	73	-1
	Sequence	-edge_177_0_-read_185813_1804_3000 1196 * 0 0 0
Edge	354	273	44	0	0	0	71	-1
	Sequence	+edge_178_0_-read_164359_5005_6306 1301 * 0 0 0
Edge	355	43	42	0	0	0	71	-1
	Sequence	-edge_178_0_-read_164359_5005_6306 1301 * 0 0 0
Edge	356	41	40	0	0	0	66	-1
	Sequence	+edge_179_0_+read_047393_33016_34707 1691 * 0 0 0
Edge	357	201	39	0	0	0	66	-1
	Sequence	-edge_179_0_+read_047393_33016_34707 1691 * 0 0 0
Edge	358	37	280	0	0	0	112	-1
	Sequence	+edge_180_0_-read_214576_28336_30396 2060 * 0 0 0
Edge	359	36	35	0	0	0	112	-1
	Sequence	-edge_180_0_-read_214576_28336_30396 2060 * 0 0 0
Edge	360	34	33	0	0	0	114	-1
	Sequence	+edge_181_0_+read_068569_13521_14717 1196 * 0 0 0
Edge	361	32	31	0	0	0	114	-1
	Sequence	-edge_181_0_+read_068569_13521_14717 1196 * 0 0 0
Edge	362	258	30	0	0	0	88	-1
	Sequence	+edge_182_0_-read_258518_2599_3793 1194 * 0 0 0
Edge	363	314	29	0	0	0	88	-1
	Sequence	-edge_182_0_-read_258518_2599_3793 1194 * 0 0 0
Edge	364	166	27	0	0	0	87	-1
	Sequence	+edge_183_0_-read_125177_2240_6711 4471 * 0 0 0
Edge	365	65	26	0	0	0	87	-1
	Sequence	-edge_183_0_-read_125177_2240_6711 4471 * 0 0 0
Edge	366	28	25	0	0	0	68	-1
	Sequence	+edge_184_0_+read_025570_21503_26807 5304 * 0 0 0
Edge	367	24	23	0	0	0	68	-1
	Sequence	-edge_184_0_+read_025570_21503_26807 5304 * 0 0 0
Edge	368	22	21	0	0	0	85	-1
	Sequence	+edge_185_0_-read_142266_11690_13168 1478 * 0 0 0
Edge	369	19	18	0	0	0	85	-1
	Sequence	-edge_185_0_-read_142266_11690_13168 1478 * 0 0 0
Edge	370	53	17	0	0	0	115	-1
	Sequence	+edge_186_0_+read_141092_29250_37379 8129 * 0 0 0
Edge	371	16	303	0	0	0	115	-1
	Sequence	-edge_186_0_+read_141092_29250_37379 8129 * 0 0 0
Edge	372	15	14	0	0	0	65	-1
	Sequence	+edge_187_0_-read_243673_9445_10921 1476 * 0 0 0
Edge	373	247	313	0	0	0	65	-1
	Sequence	-edge_187_0_-read_243673_9445_10921 1476 * 0 0 0
Edge	374	317	13	0	0	0	116	-1
	Sequence	+edge_188_0_-read_222055_14843_15898 1055 * 0 0 0
Edge	375	12	20	0	0	0	116	-1
	Sequence	-edge_188_0_-read_222055_14843_15898 1055 * 0 0 0
Edge	376	38	11	0	0	0	70	-1
	Sequence	+edge_189_0_-read_227680_28765_29959 1194 * 0 0 0
Edge	377	106	148	0	0	0	70	-1
	Sequence	-edge_189_0_-read_227680_28765_29959 1194 * 0 0 0
Edge	378	10	62	0	0	0	61	-1
	Sequence	+edge_190_0_+read_064124_2780_7813 5033 * 0 0 0
Edge	379	198	9	0	0	0	61	-1
	Sequence	-edge_190_0_+read_064124_2780_7813 5033 * 0 0 0
Edge	380	8	7	0	0	0	76	-1
	Sequence	+edge_191_0_-read_225585_14159_16071 1912 * 0 0 0
Edge	381	6	5	0	0	0	76	-1
	Sequence	-edge_191_0_-read_225585_14159_16071 1912 * 0 0 0
Edge	382	4	3	0	0	0	107	-1
	Sequence	+edge_192_0_+read_194524_3525_22234 18709 * 0 0 0
Edge	383	123	78	0	0	0	107	-1
	Sequence	-edge_192_0_+read_194524_3525_22234 18709 * 0 0 0
Edge	386	282	50	0	0	0	32	-1
	Sequence	+edge_194_0_+read_199951_13961_19093 5132 * 0 0 0
Edge	387	168	2	0	0	0	32	-1
	Sequence	-edge_194_0_+read_199951_13961_19093 5132 * 0 0 0
Edge	388	108	1	1	0	0	439	-1
	Sequence	+edge_195_haplotype 2182 * 0 0 0
Edge	389	0	93	1	0	0	439	-1
	Sequence	-edge_195_haplotype 2182 * 0 0 0
